298 659 
300 659 
358 659 
1401 659 
1783 659 
1217 659 
826 659 
277 659 
1213 659 
1991 659 
538 659 
1210 659 
939 659 
1903 659 
2062 659 
1753 659 
1638 659 
1460 659 
746 659 
1074 659 
837 659 
1160 659 
1250 659 
1667 659 
1849 659 
422 659 
229 659 
298 659 
300 659 
358 659 
1401 659 
1783 659 
1217 659 
826 659 
277 659 
1213 659 
1991 659 
538 659 
1210 659 
939 659 
1903 659 
2062 659 
1753 659 
1638 659 
1460 659 
746 659 
1074 659 
837 659 
1160 659 
1250 659 
1667 659 
1849 659 
422 659 
229 659 
229 659 
2092 659 
1529 659 
1159 659 
854 659 
264 659 
1309 659 
2135 659 
424 659 
847 659 
1966 659 
1025 659 
1686 659 
2073 659 
